0000
0002
0003
0004
0005
0006
0007
0009
0010
0012
0013
0014
0015
0016
0019
0021
0022
0023
0024
0025
0028
0029
0030
0031
0032
0034
0035
0036
0037
0039
0040
0041
0042
0043
0044
0046
0047
0048
0049
0050
0051
0052
0053
0054
0055
0056
0057
0058
0060
0061
0062
0063
0064
0065
0066
0067
0068
0069
0070
0071
0073
0074
0075
0076
0077
0078
0079
0081
0082
0087
0088
0099
0100
0101
0104
0105
0107
0108
0109
0110
0111
0112
0113
0114
0115
0117
0118
0119
0120
0122
0123
0124
0125
0127
0128
0129
0130
0131
0132
0133
0134
0135
0136
0137
0138
0139
0140
0141
0142
0144
0146
0147
0148
0150
0151
0152
0153
0154
0155
0156
0157
0158
0159
0160
0161
0163
0164
0165
0167
0168
0169
0170
0171
0172
0174
0175
0176
0177
0178
0180
0181
0182
0184
0185
0187
0188
0189
0190
0192
0193
0194
0195
0196
0197
0198
0199
0200
0202
0203
0204
0205
0206
0207
0208
0209
0210
0211
0212
0213
0214
0215
0217
0218
0219
0220
0221
0222
0223
0224
0225
0226
0227
0229
0230
0231
0233
0234
0235
0236
0237
0238
0240
0241
0242
0243
0244
0245
0246
0247
0248
0249
0250
0251
0252
0253
0254
0255
0256
0257
0258
0259
0260
0261
0262
0263
0264
0265
0266
0267
0268
0269
0270
0271
0272
0273
0274
0275
0276
0277
0278
0279
0280
0281
0282
0283
0284
0285
0286
0287
0288
0289
0290
0291
0292
0293
0294
0297
0298
0299
0300
0301
0302
0303
0304
0305
0306
0308
0309
0310
0311
0312
0313
0314
0315
0316
0317
0319
0320
0321
0322
0323
0324
0325
0326
0327
0328
0329
0330
0331
0332
0333
0335
0336
0337
0338
0339
0341
0342
0344
0345
0346
0348
0349
0352
0353
0356
0357
0358
0359
0360
0361
0362
0363
0364
0365
0366
0368
0369
0370
0371
0372
0373
0374
0375
0376
0377
0378
0379
0380
0381
0382
0383
0384
0385
0386
0387
0388
0389
0391
0392
0393
0394
0395
0397
0398
0399
0400
0401
0402
0403
0404
0405
0406
0407
0408
0409
0410
0411
0413
0414
0415
0416
0417
0419
0420
0421
0422
0423
0424
0425
0426
0427
0428
0429
0431
0433
0434
0435
0436
0437
0438
0439
0440
0441
0442
0443
0445
0446
0447
0448
0449
0450
0451
0452
0453
0454
0456
0457
0458
0459
0462
0463
0464
0465
0466
0467
0468
0469
0470
0471
0472
0473
0474
0475
0476
0477
0478
0479
0480
0481
0482
0483
0484
0485
0486
0487
0488
0489
0490
0491
0492
0493
0494
0499
0501
0502
0503
0504
0505
0506
0507
0509
0510
0511
0512
0513
0514
0515
0517
0518
0519
0520
0521
0522
0524
0526
0527
0529
0530
0534
0535
0536
0538
0539
0541
0542
0543
0544
0545
0546
0548
0549
0550
0552
0554
0555
0556
0557
0558
0559
0560
0561
0562
0563
0564
0565
0566
0567
0568
0571
0572
0573
0574
0575
0576
0577
0578
0579
0580
0581
0582
0583
0584
0586
0587
0589
0590
0591
0592
0594
0595
0596
0597
0598
0600
0601
0602
0603
0604
0605
0606
0608
0609
0610
0611
0612
0613
0614
0615
0616
0617
0618
0619
0620
0624
0625
0626
0627
0628
0629
0630
0631
0634
0635
0636
0637
0638
0639
0640
0641
0642
0643
0644
0645
0646
0647
0648
0650
0651
0652
0654
0655
0656
0658
0659
0660
0661
0662
0663
0664
0665
0666
0667
0669
0670
0671
0672
0673
0674
0675
0676
0677
0678
0679
0680
0681
0682
0683
0684
0685
0686
0687
0689
0690
0691
0692
0693
0694
0695
0696
0697
0698
0699
0700
0701
0702
0703
0704
0705
0706
0707
0708
0709
0710
0711
0712
0713
0714
0715
0716
0717
0718
0719
0720
0721
0723
0724
0725
0726
0727
0729
0730
0731
0732
0733
0734
0735
0736
0738
0740
0741
0742
0743
0744
0746
0747
0748
0749
0750
0752
0753
0754
0755
0756
0757
0758
0759
0760
0762
0763
0764
0765
0766
0767
0768
0770
0771
0772
0773
0774
0775
0776
0777
0778
0779
0780
0781
0782
0783
0784
0786
0787
0788
0789
0790
0791
0792
0793
0794
0795
0796
0797
0798
0800
0801
0804
0806
0808
0809
0811
0812
0813
0814
0815
0816
0817
0819
0823
0824
0825
0827
0828
0829
0830
0831
0832
0833
0834
0835
0836
0837
0840
0841
0842
0847
0848
0850
0851
0852
0853
0854
0855
0856
0857
0858
0859
0860
0861
0862
0864
0867
0868
0869
0870
0871
0872
0873
0874
0876
0877
0878
0879
0880
0881
0882
0883
0885
0886
0887
0889
0890
0891
0892
0893
0894
0895
0896
0899
0900
0901
0902
0903
0904
0905
0906
0907
0908
0909
0910
0911
0912
0913
0914
0915
0916
0917
0918
0919
0921
0922
0923
0924
0925
0926
0927
0929
0930
0931
0932
0933
0934
0935
0936
0937
0939
0940
0941
0942
0945
0946
0947
0948
0949
0950
0951
0952
0953
0954
0955
0956
0957
0958
0960
0962
0963
0964
0965
0966
0967
0968
0969
0970
0971
0973
0974
0976
0977
0978
0979
0980
0981
0982
0983
0984
0985
0986
0987
0988
0989
0990
0991
0992
0993
0994
0995
0996
0997
0998
0999
1000
1001
1002
1003
1005
1006
1008
1009
1010
1011
1012
1013
1014
1016
1017
1018
1019
1020
1021
1022
1023
1024
1025
1026
1028
1029
1030
1032
1035
1036
1037
1038
1039
1040
1041
1042
1043
1044
1045
1046
1047
1048
1049
1050
1052
1053
1054
1055
1056
1057
1058
1061
1062
1063
1064
1065
1066
1067
1068
1069
1072
1075
1076
1077
1078
1079
1081
1082
1083
1084
1087
1088
1089
1090
1096
1097
1098
1099
1101
1102
1103
1104
1105
1106
1107
1108
1109
1110
1111
1112
1113
1115
1116
1117
1118
1119
1120
1121
1122
1123
1124
1128
1129
1130
1131
1132
1134
1137
1138
1139
1140
1141
1142
1143
1144
1145
1146
1147
1148
1149
1150
1151
1152
1153
1154
1155
1156
1157
1158
1159
1160
1161
1162
1163
1165
1168
1169
1170
1171
1172
1173
1174
1175
1176
1177
1178
1179
1180
1181
1182
1183
1184
1185
1186
1187
1188
1189
1190
1191
1192
1193
1194
1195
1196
1197
1199
1200
1201
1202
1203
1204
1206
1207
1208
1211
1212
1213
1215
1216
1217
1219
1220
1221
1222
1223
1224
1225
1226
1227
1228
1229
1230
1231
1232
1233
1234
1235
1237
1238
1239
1240
1241
1242
1245
1246
1248
1249
1252
1253
1255
1256
1257
1258
1259
1260
1261
1262
1263
1264
1265
1266
1267
1268
1269
1270
1271
1272
1273
1274
1275
1277
1278
1279
1280
1281
1282
1283
1284
1287
1288
1289
1290
1291
1293
1294
1295
1296
1297
1299
1300
1301
1302
1303
1304
1305
1306
1307
1308
1309
1310
1311
1312
1313
1316
1317
1318
1319
1320
1321
1322
1323
1324
1325
1326
1327
1328
1329
1331
1332
1333
1334
1335
1336
1337
1338
1339
1340
1341
1342
1343
1344
1345
1346
1347
1348
1350
1351
1352
1353
1354
1355
1356
1357
1359
1360
1361
1362
1363
1364
1365
1366
1367
1368
1369
1370
1371
1372
1373
1374
1375
1376
1378
1379
1380
1381
1382
1383
1385
1386
1387
1389
1390
1391
1392
1393
1394
1395
1396
1397
1398
1399
1400
1402
1403
1405
1406
1409
1410
1411
1412
1413
1414
1415
1416
1417
1418
1420
1421
1422
1423
1424
1425
1426
1427
1428
1429
1430
1431
1432
1433
1434
1435
1436
1437
1438
1439
1441
1442
1443
1444
1445
1446
1447
1448
1449
1450
1451
1452
1453
1454
1455
1456
1457
1458
1459
1460
1461
1462
1465
1466
1467
1468
1469
1470
1471
1472
1473
1474
1475
1476
1477
1478
1479
1480
1481
1482
1483
1484
1485
1486
1487
1488
1489
1490
1491
1493
1494
1495
1496
1497
1499
1500
1501
1502
1503
1504
1505
1506
1507
1508
1509
1510
1511
1512
1513
1514
1515
1516
1519
1520
1521
1522
1523
1524
1525
1526
1527
1528
1529
1530
1531
1532
1534
1535
1536
1537
1538
1539
1540
1541
1542
1543
1544
1545
1546
1547
1548
1549
1550
1551
1552
1553
1554
1555
1556
1557
1558
1560
1561
1562
1563
1565
1566
1567
1568
1569
1570
1571
1572
1573
1574
1575
1576
1577
1578
1579
1580
1581
1582
1583
1584
1585
1586
1587
1588
1589
1590
1591
1592
1593
1594
1595
1596
1597
1598
1599
1600
1601
1602
1603
1604
1605
1606
1608
1609
1611
1612
1613
1614
1615
1616
1617
1618
1619
1620
1621
1622
1623
1624
1625
1626
1627
1628
1629
1630
1631
1632
1633
1634
1635
1636
1637
1638
1639
1640
1641
1642
1643
1644
1645
1646
1649
1650
1651
1652
1653
1654
1655
1656
1657
1658
1659
1660
1661
1662
1663
1664
1665
1666
1667
1668
1669
1670
1671
1672
1673
1675
1676
1677
1678
1679
1680
1681
1682
1683
1684
1685
1686
1687
1688
1689
1690
1691
1692
1693
1694
1695
1696
1697
1698
1699
1700
1701
1702
1703
1704
1705
1706
1707
1708
1709
1710
1712
1713
1714
1715
1716
1717
1718
1719
1720
1721
1722
1723
1724
1725
1726
1727
1728
1729
1730
1731
1732
1733
1734
1735
1736
1737
1738
1739
1740
1741
1742
1743
1744
1745
1746
1747
1748
1749
1750
1751
1752
1753
1754
1755
1756
1757
1758
1759
1760
1761
1762
1763
1764
1765
1766
1767
1768
1769
1770
1771
1772
1773
1774
1775
1776
1778
1779
1780
1781
1782
1784
1785
1786
1787
1788
1789
1790
1791
1792
1793
1794
1795
1796
1797
1798
1799
1800
1804
1806
1807
1808
1809
1811
1812
1813
1814
1815
1816
1817
1818
1819
1820
1821
1822
1823
1825
1826
1827
1828
1829
1831
1833
1834
1835
1836
1837
1838
1839
1840
1842
1843
1844
1845
1846
1847
1848
1849
1850
1851
1852
1853
1854
1855
1856
1857
1858
1859
1861
1862
1863
1864
1865
1866
1867
1868
1869
1870
1871
1872
1873
1874
1875
1876
1877
1879
1880
1881
1882
1886
1887
1889
1891
1892
1893
1894
1896
1897
1898
1899
1900
1901
1902
1903
1904
1905
1906
1907
1908
1909
1910
1911
1912
1913
1914
1915
1916
1917
1918
1919
1920
1921
1922
1923
1924
1925
1926
1927
1928
1929
1930
1931
1932
1933
1934
1935
1936
1937
1938
1939
1940
1941
1942
1943
1944
1945
1946
1947
1948
1949
1950
1952
1953
1954
1955
1956
1958
1959
1960
1961
1962
1963
1964
1965
1966
1967
1968
1969
1970
1971
1972
1973
1974
1975
1976
1977
1978
1980
1981
1982
1983
1984
1985
1986
1988
1989
1990
1991
1992
1993
1994
1995
1997
1998
1999
2000
2002
2003
2004
2005
2007
2008
2010
2011
2012
2013
2014
2015
2016
2017
2018
2019
2020
2021
2022
2024
2025
2026
2027
2028
2029
2030
2031
2032
2035
2036
2037
2038
2039
2040
2041
2042
2043
2045
2046
2047
2049
2050
2052
2053
2054
2056
2057
2059
2060
2061
2064
2066
2068
2069
2070
2071
2072
2073
2074
2075
2077
2078
2079
2080
2081
2082
2083
2084
2085
2086
2087
2088
2089
2090
2091
2092
2093
2094
2096
2097
2098
2099
2100
2101
2102
2103
2104
2105
2107
2108
2109
2111
2112
2113
2114
2115
2116
2117
2119
2120
2121
2122
2123
2124
2125
2126
2127
2128
2129
2130
2131
2132
2133
2134
2135
2136
2137
2138
2139
2140
2141
2143
2144
2145
2146
2147
2148
2149
2152
2153
2155
2158
2159
2160
2161
2162
2163
2164
2165
2166
2167
2168
2169
2170
2171
2174
2176
2177
2178
2179
2180
2181
2182
2183
2184
2186
2187
2188
2189
2190
2191
2192
2193
2195
2197
2198
2199
2200
2201
2202
2203
2204
2205
2206
2207
2208
2209
2210
2211
2212
2213
2214
2215
2216
2217
2218
2219
2220
2221
2222
2223
2225
2226
2227
2228
2229
2230
2231
2232
2233
2234
2235
2236
2238
2239
2240
2241
2242
2243
2244
2245
2246
2247
2248
2249
2250
2251
2252
2253
2255
2256
2257
2258
2259
2260
2261
2263
2264
2265
2267
2268
2269
2270
2271
2272
2273
2274
2275
2276
2277
2278
2279
2280
2281
2282
2283
2284
2285
2286
2287
2288
2290
2291
2292
2293
2294
2295
2297
2299
2300
2301
2302
2303
2304
2305
2311
2312
2313
2314
2315
2316
2317
2318
2319
2320
2322
2324
2325
2326
2329
2331
2332
2334
2335
2336
2337
2338
2339
2340
2341
2342
2343
2344
2345
2347
2349
2350
2351
2352
2353
2355
2356
2358
2359
2360
2361
2362
2363
2364
2365
2367
2368
2369
2370
2372
2373
2374
2375
2376
2377
2378
2379
2380
2381
2382
2383
2384
2386
2389
2390
2391
2392
2393
2394
2395
2396
2397
2398
2399
2400
2401
2402
2403
2404
2406
2407
2408
2409
2410
2411
2412
2413
2414
2416
2417
2418
2419
2420
2421
2422
2423
2424
2425
2426
2427
2428
2429
2431
2432
2433
2434
2437
2439
2440
2441
2442
2443
2444
2445
2446
2448
2449
2450
2451
2452
2453
2454
2455
2456
2457
2460
2461
2462
2463
2464
2465
2466
2467
2468
2469
2470
2472
2474
2475
2479
2480
2481
2482
2483
2484
2485
2486
2487
2488
2489
2490
2491
2492
2493
2494
2495
2496
2497
2499
2500
2501
2502
2503
2504
2505
2506
2507
2508
2509
2510
2511
2512
2513
2514
2515
2516
2517
2518
2519
2520
2521
2522
2523
2524
2525
2530
2534
2536
2537
2539
2540
2541
2542
2543
2544
2545
2546
2548
2549
2550
2551
2553
2554
2555
2556
2559
2560
2562
2567
2570
2573
2575
2576
2578
2579
2582
2585
2588
2590
2593
2594
2595
2596
2597
2598
2600
2601
2602
2603
2604
2605
2606
2607
2612
2613
2615
2616
2617
2618
2619
2620
2622
2623
2624
2625
2629
2630
2633
2634
2635
2637
2638
2639
2641
2643
2644
2646
2648
2649
2650
2652
2654
2656
2659
2661
2662
2663
2664
2665
2667
2669
2670
2671
2672
2674
2675
2677
2679
2680
2682
2684
2685
2687
2689
2691
2692
2693
2694
2695
2696
2697
2698
2699
2700
2701
2702
2703
2705
2706
2707
2710
2713
2714
2715
2717
2718
2720
2721
2722
2726
2727
2729
2733
2734
2737
2739
2740
2741
2742
2743
2745
2747
2748
2749
2755
2756
2757
2758
2759
2761
2762
2763
2765
2767
2768
2769
2770
2773
2775
2776
2780
2781
2782
2785
2787
2790
2791
2793
2794
2795
2796
2797
2798
2800
2801
2802
2803
2806
2808
2810
2812
2813
2814
2815
2816
2818
2819
2820
2821
2822
2823
2825
2827
2828
2829
2830
2831
2832
2833
2834
2835
2837
2838
2842
2843
2844
2845
2847
2848
2849
2850
2851
2852
2853
2854
2856
2857
2858
2860
2861
2862
2863
2864
2865
2866
2868
2869
2871
2874
2875
2877
2879
2881
2882
2884
2885
2887
2888
2889
2890
2891
2893
2894
2895
2896
2900
2902
2903
2904
2905
2906
2907
2908
2911
2912
2914
2915
2916
2917
2918
2919
2921
2923
2924
2925
2926
2928
2929
2930
2931
2932
2933
2934
2935
2936
2938
2939
2940
2941
2944
2945
2946
2947
2952
2954
2957
2958
2960
2962
2963
2966
2967
2968
2969
2970
2971
2972
2973
2974
2975
2976
2981
2982
2984
2985
2986
2988
2993
2994
2996
2998
2999
3000
3001
3002
3004
3006
3007
3008
3010
3015
3016
3017
3018
3019
3020
3021
3022
3024
3026
3027
3029
3033
3034
3035
3036
3037
3040
3041
3042
3043
3044
3045
3046
3047
3048
3049
3050
3051
3053
3056
3057
3058
3059
3060
3061
3063
3065
3066
3068
3069
3070
3074
3077
3078
3079
3080
3081
3082
3083
3084
3085
3086
3087
3094
3095
3097
3098
3100
3101
3102
3103
3105
3106
3108
3109
3110
3111
3112
3113
3114
3115
3116
3117
3118
3119
3121
3123
3124
3125
3127
3128
3130
3131
3133
3134
3136
3137
3140
3142
3143
3144
3145
3147
3148
3152
3153
3155
3156
3157
3159
3160
3162
3164
3165
3166
3168
3170
3171
3173
3176
3178
3179
3180
3181
3184
3187
3188
3190
3191
3194
3197
3199
3200
3201
3202
3204
3209
3210
3211
3212
3214
3215
3217
3218
3219
3221
3222
3223
3224
3226
3228
3229
3230
3232
3237
3238
3239
3240
3241
3242
3243
3245
3247
3248
3250
3251
3252
3253
3254
3257
3258
3259
3260
3262
3264
3266
3267
3269
3270
3275
3278
3279
3280
3282
3284
3285
3286
3287
3288
3289
3292
3293
3295
3296
3298
3299
3300
3301
3302
3303
3304
3309
3311
3312
3315
3316
3317
3318
3319
3322
3325
3328
3332
3334
3339
3340
3342
3346
3348
3349
3350
3351
3352
3354
3355
3357
3358
3361
3363
3364
3365
3366
3367
3368
3369
3370
3373
3374
3377
3378
3380
3381
3382
3383
3384
3385
3386
3391
3393
3395
3396
3397
3398
3399
3400
3401
3402
3403
3404
3405
3407
3408
3409
3410
3411
3415
3416
3418
3420
3422
3423
3424
3427
3428
3431
3433
3435
3437
3438
3439
3440
3441
3442
3443
3444
3446
3449
3450
3451
3452
3453
3454
3455
3456
3457
3460
3462
3463
3464
3465
3466
3467
3468
3470
3475
3476
3477
3483
3484
3486
3487
3489
3492
3496
3497
3498
3500
3501
3502
3505
3507
3508
3509
3510
3511
3512
3513
3514
3515
3517
3518
3519
3521
3524
3525
3526
3528
3529
3532
3536
3541
3542
3543
3544
3545
3546
3549
3550
3551
3552
3554
3556
3557
3558
3559
3560
3562
3563
3564
3566
3567
3568
3571
3572
3573
3574
3575
3576
3578
3579
3580
3582
3584
3585
3588
3590
3592
3593
3594
3599
3602
3605
3606
3608
3611
3612
3615
3617
3620
3621
3622
3623
3624
3625
3626
3629
3630
3632
3633
3636
3637
3638
3641
3644
3646
3647
3648
3649
3654
3655
3656
3657
3660
3662
3667
3671
3672
3673
3674
3675
3676
3678
3679
3680
3681
3682
3683
3685
3687
3691
3692
3694
3695
3697
3698
3699
3700
3701
3703
3704
3705
3707
3709
3711
3712
3715
3717
3718
3719
3720
3721
3723
3724
3725
3726
3728
3729
3733
3734
3735
3737
3738
3739
3741
3743
3746
3748
3750
3753
3754
3756
3757
3759
3760
3762
3764
3765
3766
3768
3772
3773
3774
3776
3777
3779
3780
3782
3783
3784
3785
3786
3790
3792
3793
3794
3798
3799
3800
3801
3802
3803
3804
3807
3809
3813
3814
3816
3819
3822
3823
3824
3826
3827
3828
3829
3830
3831
3832
3833
3834
3836
3837
3838
3839
3840
3841
3842
3844
3845
3847
3848
3849
3850
3852
3854
3855
3856
3857
3858
3861
3862
3863
3865
3869
3872
3873
3874
3879
3880
3883
3885
3886
3887
3888
3889
3890
3891
3893
3894
3895
3897
3898
3899
3900
3901
3903
3904
3906
3914
3915
3916
3920
3923
3924
3925
3926
3928
3929
3931
3932
3934
3935
3937
3939
3942
3943
3945
3949
3950
3952
3955
3956
3963
3965
3966
3967
3969
3970
3971
3974
3976
3977
3978
3980
3981
3982
3983
3984
3987
3988
3992
3995
3996
3997
3999
